<?xml version="1.0" standalone="no"?>
<!DOCTYPE svg PUBLIC "-//W3C//DTD SVG 20010904//EN"
 "http://www.w3.org/TR/2001/REC-SVG-20010904/DTD/svg10.dtd">
<svg version="1.0" xmlns="http://www.w3.org/2000/svg"
 width="200.000000pt" height="200.000000pt" viewBox="0 0 200.000000 200.000000"
 preserveAspectRatio="xMidYMid meet">

<g transform="translate(0.000000,200.000000) scale(0.100000,-0.100000)"
fill="#000000" stroke="none">
<path d="M610 1000 l0 -350 25 0 25 0 0 350 0 350 -25 0 -25 0 0 -350z"/>
<path d="M300 1255 c-7 -8 -10 -25 -6 -40 5 -20 13 -25 36 -25 23 0 31 5 36
25 7 29 -10 55 -36 55 -10 0 -23 -7 -30 -15z"/>
<path d="M960 1164 c0 -109 9 -134 48 -133 l27 0 -22 16 c-21 14 -23 23 -23
114 0 81 -3 99 -15 99 -12 0 -15 -17 -15 -96z"/>
<path d="M1050 1164 c0 -109 9 -134 48 -133 l27 0 -22 16 c-21 14 -23 23 -23
114 0 81 -3 99 -15 99 -12 0 -15 -17 -15 -96z"/>
<path d="M786 1143 c-20 -59 -33 -109 -30 -112 7 -8 34 29 34 46 0 9 15 13 49
13 45 0 50 -2 60 -30 5 -16 15 -30 22 -30 6 0 9 6 7 13 -3 6 -20 56 -37 110
-45 133 -57 132 -105 -10z m76 27 l16 -50 -38 0 -38 0 16 50 c9 28 19 50 22
50 3 0 13 -22 22 -50z"/>
<path d="M277 1173 c-17 -4 -18 -17 -16 -131 1 -70 -2 -138 -6 -152 -4 -14
-34 -47 -66 -73 -36 -29 -59 -55 -59 -67 0 -11 3 -20 6 -20 3 0 42 26 86 58
65 46 85 67 108 113 34 66 63 173 57 206 -5 28 4 29 28 3 28 -31 130 -23 111
9 -4 6 -24 11 -45 11 -27 0 -44 7 -61 25 -19 21 -32 25 -74 24 -28 -1 -59 -3
-69 -6z"/>
<path d="M185 1130 c-65 -33 -92 -57 -78 -71 9 -9 19 -7 45 8 18 11 45 23 61
27 20 5 27 12 27 31 0 30 -4 31 -55 5z"/>
<path d="M1390 802 l0 -118 54 -2 c36 -1 57 2 65 12 19 23 25 83 11 116 -14
35 -44 46 -83 31 -27 -10 -27 -10 -27 34 0 25 -4 45 -10 45 -6 0 -10 -46 -10
-118z m98 16 c17 -17 15 -93 -2 -107 -8 -7 -27 -11 -43 -9 -26 3 -28 7 -31 53
-3 38 1 52 14 62 22 16 46 17 62 1z"/>
<path d="M1740 817 c0 -115 10 -142 51 -134 l24 4 -22 8 c-22 7 -23 12 -23
116 0 90 -3 109 -15 109 -12 0 -15 -18 -15 -103z"/>
<path d="M1837 913 c-11 -10 -8 -179 3 -207 7 -19 17 -26 35 -26 30 0 33 15 5
23 -18 5 -20 14 -20 111 0 97 -5 118 -23 99z"/>
<path d="M752 898 c-15 -15 -17 -218 -2 -218 6 0 10 23 10 50 l0 50 56 0 c34
0 53 4 49 10 -3 6 -28 10 -56 10 -49 0 -49 0 -49 33 0 45 15 57 72 57 26 0 48
5 48 10 0 14 -114 12 -128 -2z"/>
<path d="M1280 870 c0 -10 -8 -24 -17 -29 -17 -10 -17 -10 0 -11 14 0 17 -10
17 -63 0 -36 5 -68 12 -75 15 -15 58 -16 58 -2 0 6 -9 10 -20 10 -23 0 -33 29
-28 86 2 32 7 40 26 42 30 5 28 22 -3 22 -18 0 -25 5 -25 20 0 11 -4 20 -10
20 -5 0 -10 -9 -10 -20z"/>
<path d="M926 837 c-26 -19 -33 -99 -12 -132 13 -20 25 -25 60 -25 24 0 48 6
55 13 33 41 19 140 -22 151 -35 9 -62 7 -81 -7z m82 -19 c14 -14 16 -86 3
-106 -5 -8 -22 -12 -42 -10 -33 3 -34 4 -37 51 -2 27 2 55 9 63 14 17 51 18
67 2z"/>
<path d="M1118 843 c-36 -9 -47 -113 -17 -150 7 -7 31 -13 55 -13 58 0 79 29
71 97 -7 64 -40 84 -109 66z m71 -27 c7 -8 11 -36 9 -63 -3 -47 -4 -48 -37
-51 -20 -2 -37 2 -42 10 -13 20 -11 92 3 106 16 16 53 15 67 -2z"/>
<path d="M1575 840 c-4 -6 9 -10 33 -10 75 0 85 -56 11 -62 -48 -3 -65 -22
-55 -62 6 -25 9 -26 66 -24 l60 2 0 73 c0 61 -3 74 -19 83 -25 13 -88 13 -96
0z m93 -107 c-4 -33 -50 -50 -73 -26 -24 24 -2 53 41 53 32 0 35 -2 32 -27z"/>
<path d="M340 800 c-24 -24 -25 -43 -4 -64 18 -19 55 -21 72 -4 19 19 15 66
-7 78 -28 14 -38 13 -61 -10z"/>
<path d="M277 797 c-23 -17 -27 -60 -6 -65 12 -2 18 7 23 34 8 42 5 48 -17 31z"/>
</g>
</svg>
